[0.2125 0.2064 0.1772 0.1565 0.1525 0.1458 0.1331 0.1251 0.1134 0.1074
 0.1027 0.0998 0.0899 0.0819 0.0777 0.0703 0.061  0.0497 0.0462 0.0436
 0.0396 0.0374 0.0316 0.0312 0.0294 0.0274 0.0236 0.0204 0.0179 0.0164
 0.0162 0.0158 0.0129 0.0125 0.0119 0.0119 0.0117 0.0115 0.011  0.0106
 0.0099 0.0093 0.0086 0.008  0.0075 0.0074 0.0072 0.0069 0.0067 0.0065
 0.0064 0.0064 0.0063 0.0063 0.0063 0.0062 0.0062 0.0062 0.0062 0.0062
 0.0062 0.0062 0.0062 0.0062 0.0062 0.0062 0.0062 0.0062 0.0062 0.0062
 0.0062 0.0062 0.0062 0.0062 0.0062 0.0062 0.0062 0.0062 0.0062 0.0062
 0.0062 0.0062 0.0062 0.0062 0.0062 0.0061 0.0061 0.0061 0.0061 0.0061
 0.0061 0.0061 0.0061 0.0061 0.0061 0.0061 0.0061 0.0061 0.0061 0.0061
 0.0061 0.0061 0.0061 0.0061 0.0061 0.0061 0.0061 0.0061 0.0061 0.0061
 0.0061 0.0061 0.0061 0.0061 0.0061 0.0061 0.0061 0.0061 0.0061 0.0061
 0.0061 0.0061 0.0061 0.0061 0.0061 0.0061 0.0061 0.0061 0.0061 0.0061
 0.0061 0.0061 0.0061 0.0061 0.0061 0.0061 0.0061 0.0061 0.0061 0.0061
 0.0061 0.0061 0.0061 0.0061 0.0061 0.0061 0.0061 0.0061 0.0061 0.0061
 0.0061 0.0061 0.0061 0.0061 0.0061 0.0061 0.0061 0.0061 0.0061 0.0061
 0.0061 0.0061 0.0061 0.0061 0.0061 0.0061 0.0061 0.0061 0.0061 0.0061
 0.0061 0.0061 0.0061 0.0061 0.0061 0.0061 0.0061 0.0061 0.0061 0.0061
 0.0061 0.0061 0.0061 0.0061 0.0061 0.0061 0.0061 0.0061 0.0061 0.0061
 0.0061 0.0061 0.0061 0.0061 0.0061 0.0061 0.0061 0.0061 0.0061 0.0061
 0.0061 0.0061 0.0061 0.0061 0.0061 0.0061 0.0061 0.0061 0.0061 0.0061
 0.0061 0.0061 0.0061 0.0061 0.0061 0.0061 0.0061 0.0061 0.0061 0.0061
 0.0061 0.0061 0.0061 0.0061 0.0061 0.0061 0.0061 0.0061 0.0061 0.0061
 0.0061 0.0061 0.0061 0.0061 0.0061 0.0061 0.0061 0.0061 0.0061 0.0061
 0.0061 0.0061 0.0061 0.0061 0.0061 0.0061 0.0061 0.0061 0.0061 0.0061
 0.0061 0.0061 0.0061 0.0061 0.0061 0.0061 0.0061 0.0061 0.0061 0.0061
 0.0061 0.0061 0.0061 0.0061 0.0061 0.0061 0.0061 0.0061 0.0061 0.0061
 0.0061 0.0061 0.0061 0.0061 0.0061 0.0061 0.0061 0.0061 0.0061 0.0061
 0.0061 0.0061 0.0061 0.0061 0.0061 0.0061 0.0061 0.0061 0.0061 0.0061
 0.0061 0.0061 0.0061 0.0061 0.0061 0.0061 0.0061 0.0061 0.0061 0.0061]